[gd_scene load_steps=7 format=3 uid="uid://ds25bg34pn02h"]

[ext_resource type="Script" path="res://World Map/world_map.gd" id="1_5q762"]
[ext_resource type="Script" path="res://World Map/world_camera.gd" id="2_mbkis"]
[ext_resource type="PackedScene" uid="uid://d0oi384hcdjy7" path="res://Vehicles/train.tscn" id="3_rk0v2"]
[ext_resource type="PackedScene" uid="uid://cdl5y03o54drt" path="res://World Map/underground.tscn" id="4_hp1to"]
[ext_resource type="Theme" uid="uid://da3vu24tysrq3" path="res://Menus/Themes/details_theme.tres" id="5_4beok"]
[ext_resource type="Script" path="res://World Map/train_camera.gd" id="6_wf2p0"]

[node name="World Map" type="Node3D"]
script = ExtResource("1_5q762")

[node name="DirectionalLight3D" type="DirectionalLight3D" parent="."]
transform = Transform3D(-0.417169, -0.90072, 0.121131, -0.148193, 0.198915, 0.968747, -0.896665, 0.386181, -0.216462, 0, 10, 0)
shadow_enabled = true
shadow_opacity = 0.5
directional_shadow_max_distance = 15.0

[node name="Camera3D" type="Camera3D" parent="."]
transform = Transform3D(0.707107, -0.353553, 0.612372, 0, 0.866026, 0.5, -0.707107, -0.353553, 0.612372, 10, 5, 10)
projection = 1
size = 15.0
far = 200.0
script = ExtResource("2_mbkis")

[node name="underground" parent="." instance=ExtResource("4_hp1to")]

[node name="Train" parent="." instance=ExtResource("3_rk0v2")]

[node name="Control" type="Control" parent="."]
layout_mode = 3
anchors_preset = 0
offset_right = 40.0
offset_bottom = 40.0

[node name="Panel" type="Panel" parent="Control"]
layout_mode = 0
offset_right = 215.0
offset_bottom = 657.0
theme = ExtResource("5_4beok")

[node name="VBoxContainer" type="VBoxContainer" parent="Control/Panel"]
layout_mode = 0
offset_right = 207.0
offset_bottom = 646.0

[node name="Button" type="Button" parent="Control/Panel/VBoxContainer"]
layout_mode = 2
text = "Wilhelmina"

[node name="Panel" type="Panel" parent="Control/Panel/VBoxContainer"]
layout_mode = 2

[node name="RichTextLabel" type="RichTextLabel" parent="Control/Panel/VBoxContainer/Panel"]
offset_top = 4.0
offset_right = 392.0
offset_bottom = 4.0
text = "Details"

[node name="SubViewportContainer" type="SubViewportContainer" parent="Control/Panel/VBoxContainer/Panel"]
clip_contents = true
layout_mode = 2
offset_top = 4.0
offset_right = 392.0
offset_bottom = 154.0

[node name="SubViewport" type="SubViewport" parent="Control/Panel/VBoxContainer/Panel/SubViewportContainer"]
handle_input_locally = false
size = Vector2i(200, 150)
render_target_update_mode = 4

[node name="TrainCam" type="Camera3D" parent="Control/Panel/VBoxContainer/Panel/SubViewportContainer/SubViewport"]
transform = Transform3D(0.707107, -0.353553, 0.612373, 0, 0.866026, 0.499999, -0.707107, -0.353553, 0.612373, 10, 5, 10)
projection = 1
size = 2.0
far = 200.0
script = ExtResource("6_wf2p0")
